1.000E-01	2.132E+00
1.010E-01	2.075E+00
1.020E-01	2.019E+00
1.030E-01	1.966E+00
1.040E-01	1.914E+00
1.050E-01	1.864E+00
1.060E-01	1.816E+00
1.070E-01	1.770E+00
1.080E-01	1.725E+00
1.090E-01	1.681E+00
1.100E-01	1.640E+00
1.110E-01	1.599E+00
1.120E-01	1.560E+00
1.130E-01	1.522E+00
1.140E-01	1.485E+00
1.150E-01	1.450E+00
1.160E-01	1.416E+00
1.170E-01	1.382E+00
1.180E-01	1.350E+00
1.190E-01	1.319E+00
1.200E-01	1.289E+00
1.210E-01	1.260E+00
1.220E-01	1.231E+00
1.230E-01	1.204E+00
1.240E-01	1.177E+00
1.250E-01	1.151E+00
1.260E-01	1.126E+00
1.270E-01	1.101E+00
1.280E-01	1.078E+00
1.290E-01	1.055E+00
1.300E-01	1.032E+00
1.310E-01	1.011E+00
1.320E-01	9.894E-01
1.330E-01	9.689E-01
1.340E-01	9.489E-01
1.350E-01	9.295E-01
1.360E-01	9.107E-01
1.370E-01	8.923E-01
1.380E-01	8.744E-01
1.390E-01	8.571E-01
1.400E-01	8.402E-01
1.410E-01	8.237E-01
1.420E-01	8.077E-01
1.430E-01	7.921E-01
1.440E-01	7.769E-01
1.450E-01	7.621E-01
1.460E-01	7.476E-01
1.470E-01	7.336E-01
1.480E-01	7.199E-01
1.490E-01	7.065E-01
1.500E-01	6.935E-01
1.510E-01	6.808E-01
1.520E-01	6.684E-01
1.530E-01	6.563E-01
1.540E-01	6.445E-01
1.550E-01	6.330E-01
1.560E-01	6.218E-01
1.570E-01	6.108E-01
1.580E-01	6.001E-01
1.590E-01	5.897E-01
1.600E-01	5.795E-01
1.610E-01	5.695E-01
1.620E-01	5.598E-01
1.630E-01	5.503E-01
1.640E-01	5.410E-01
1.650E-01	5.320E-01
1.660E-01	5.231E-01
1.670E-01	5.144E-01
1.680E-01	5.060E-01
1.690E-01	4.977E-01
1.700E-01	4.896E-01
1.710E-01	4.817E-01
1.720E-01	4.739E-01
1.730E-01	4.663E-01
1.740E-01	4.589E-01
1.750E-01	4.517E-01
1.760E-01	4.446E-01
1.770E-01	4.376E-01
1.780E-01	4.308E-01
1.790E-01	4.242E-01
1.800E-01	4.177E-01
1.810E-01	4.113E-01
1.820E-01	4.050E-01
1.830E-01	3.989E-01
1.840E-01	3.929E-01
1.850E-01	3.870E-01
1.860E-01	3.813E-01
1.870E-01	3.757E-01
1.880E-01	3.701E-01
1.890E-01	3.647E-01
1.900E-01	3.594E-01
1.910E-01	3.542E-01
1.920E-01	3.491E-01
1.930E-01	3.441E-01
1.940E-01	3.392E-01
1.950E-01	3.344E-01
1.960E-01	3.297E-01
1.970E-01	3.251E-01
1.980E-01	3.206E-01
1.990E-01	3.161E-01
2.000E-01	3.118E-01
2.010E-01	3.075E-01
2.020E-01	3.033E-01
2.030E-01	2.992E-01
2.040E-01	2.951E-01
2.050E-01	2.912E-01
2.060E-01	2.873E-01
2.070E-01	2.834E-01
2.080E-01	2.797E-01
2.090E-01	2.760E-01
2.100E-01	2.724E-01
2.110E-01	2.688E-01
2.120E-01	2.653E-01
2.130E-01	2.619E-01
2.140E-01	2.585E-01
2.150E-01	2.552E-01
2.160E-01	2.520E-01
2.170E-01	2.488E-01
2.180E-01	2.456E-01
2.190E-01	2.425E-01
2.200E-01	2.395E-01
2.210E-01	2.365E-01
2.220E-01	2.336E-01
2.230E-01	2.307E-01
2.240E-01	2.279E-01
2.250E-01	2.251E-01
2.260E-01	2.224E-01
2.270E-01	2.197E-01
2.280E-01	2.170E-01
2.290E-01	2.144E-01
2.300E-01	2.119E-01
2.310E-01	2.094E-01
2.320E-01	2.069E-01
2.330E-01	2.045E-01
2.340E-01	2.021E-01
2.350E-01	1.997E-01
2.360E-01	1.974E-01
2.370E-01	1.951E-01
2.380E-01	1.929E-01
2.390E-01	1.907E-01
2.400E-01	1.885E-01
2.410E-01	1.864E-01
2.420E-01	1.843E-01
2.430E-01	1.822E-01
2.440E-01	1.801E-01
2.450E-01	1.781E-01
2.460E-01	1.762E-01
2.470E-01	1.742E-01
2.480E-01	1.723E-01
2.490E-01	1.704E-01
2.500E-01	1.685E-01
2.510E-01	1.667E-01
2.520E-01	1.649E-01
2.530E-01	1.631E-01
2.540E-01	1.614E-01
2.550E-01	1.597E-01
2.560E-01	1.580E-01
2.570E-01	1.563E-01
2.580E-01	1.546E-01
2.590E-01	1.530E-01
2.600E-01	1.514E-01
2.610E-01	1.498E-01
2.620E-01	1.483E-01
2.630E-01	1.468E-01
2.640E-01	1.452E-01
2.650E-01	1.438E-01
2.660E-01	1.423E-01
2.670E-01	1.409E-01
2.680E-01	1.394E-01
2.690E-01	1.380E-01
2.700E-01	1.366E-01
2.710E-01	1.353E-01
2.720E-01	1.339E-01
2.730E-01	1.326E-01
2.740E-01	1.313E-01
2.750E-01	1.300E-01
2.760E-01	1.287E-01
2.770E-01	1.275E-01
2.780E-01	1.262E-01
2.790E-01	1.250E-01
2.800E-01	1.238E-01
2.810E-01	1.226E-01
2.820E-01	1.214E-01
2.830E-01	1.203E-01
2.840E-01	1.191E-01
2.850E-01	1.180E-01
2.860E-01	1.169E-01
2.870E-01	1.158E-01
2.880E-01	1.147E-01
2.890E-01	1.137E-01
2.900E-01	1.126E-01
2.910E-01	1.116E-01
2.920E-01	1.105E-01
2.930E-01	1.095E-01
2.940E-01	1.085E-01
2.950E-01	1.075E-01
2.960E-01	1.066E-01
2.970E-01	1.056E-01
2.980E-01	1.047E-01
2.990E-01	1.037E-01
3.000E-01	1.028E-01
3.010E-01	1.019E-01
3.020E-01	1.010E-01
3.030E-01	1.001E-01
3.040E-01	9.920E-02
3.050E-01	9.833E-02
3.060E-01	9.747E-02
3.070E-01	9.663E-02
3.080E-01	9.579E-02
3.090E-01	9.496E-02
3.100E-01	9.414E-02
3.110E-01	9.334E-02
3.120E-01	9.254E-02
3.130E-01	9.175E-02
3.140E-01	9.097E-02
3.150E-01	9.021E-02
3.160E-01	8.945E-02
3.170E-01	8.870E-02
3.180E-01	8.796E-02
3.190E-01	8.722E-02
3.200E-01	8.650E-02
3.210E-01	8.578E-02
3.220E-01	8.508E-02
3.230E-01	8.438E-02
3.240E-01	8.369E-02
3.250E-01	8.300E-02
3.260E-01	8.233E-02
3.270E-01	8.166E-02
3.280E-01	8.100E-02
3.290E-01	8.035E-02
3.300E-01	7.971E-02
3.310E-01	7.907E-02
3.320E-01	7.844E-02
3.330E-01	7.782E-02
3.340E-01	7.721E-02
3.350E-01	7.660E-02
3.360E-01	7.600E-02
3.370E-01	7.540E-02
3.380E-01	7.481E-02
3.390E-01	7.423E-02
3.400E-01	7.366E-02
3.410E-01	7.309E-02
3.420E-01	7.253E-02
3.430E-01	7.197E-02
3.440E-01	7.142E-02
3.450E-01	7.088E-02
3.460E-01	7.034E-02
3.470E-01	6.981E-02
3.480E-01	6.928E-02
3.490E-01	6.876E-02
3.500E-01	6.824E-02
3.510E-01	6.773E-02
3.520E-01	6.723E-02
3.530E-01	6.673E-02
3.540E-01	6.624E-02
3.550E-01	6.575E-02
3.560E-01	6.527E-02
3.570E-01	6.479E-02
3.580E-01	6.431E-02
3.590E-01	6.385E-02
3.600E-01	6.338E-02
3.610E-01	6.293E-02
3.620E-01	6.247E-02
3.630E-01	6.202E-02
3.640E-01	6.158E-02
3.650E-01	6.114E-02
3.660E-01	6.070E-02
3.670E-01	6.027E-02
3.680E-01	5.985E-02
3.690E-01	5.943E-02
3.700E-01	5.901E-02
3.710E-01	5.859E-02
3.720E-01	5.819E-02
3.730E-01	5.778E-02
3.740E-01	5.738E-02
3.750E-01	5.698E-02
3.760E-01	5.659E-02
3.770E-01	5.620E-02
3.780E-01	5.582E-02
3.790E-01	5.543E-02
3.800E-01	5.506E-02
3.810E-01	5.468E-02
3.820E-01	5.431E-02
3.830E-01	5.395E-02
3.840E-01	5.358E-02
3.850E-01	5.322E-02
3.860E-01	5.287E-02
3.870E-01	5.251E-02
3.880E-01	5.217E-02
3.890E-01	5.182E-02
3.900E-01	5.148E-02
3.910E-01	5.114E-02
3.920E-01	5.080E-02
3.930E-01	5.047E-02
3.940E-01	5.014E-02
3.950E-01	4.981E-02
3.960E-01	4.949E-02
3.970E-01	4.917E-02
3.980E-01	4.885E-02
3.990E-01	4.854E-02
4.000E-01	4.823E-02
4.010E-01	4.792E-02
4.020E-01	4.761E-02
4.030E-01	4.731E-02
4.040E-01	4.701E-02
4.050E-01	4.671E-02
4.060E-01	4.642E-02
4.070E-01	4.613E-02
4.080E-01	4.584E-02
4.090E-01	4.555E-02
4.100E-01	4.527E-02
4.110E-01	4.499E-02
4.120E-01	4.471E-02
4.130E-01	4.443E-02
4.140E-01	4.416E-02
4.150E-01	4.389E-02
4.160E-01	4.362E-02
4.170E-01	4.335E-02
4.180E-01	4.309E-02
4.190E-01	4.282E-02
4.200E-01	4.256E-02
4.210E-01	4.231E-02
4.220E-01	4.205E-02
4.230E-01	4.180E-02
4.240E-01	4.155E-02
4.250E-01	4.130E-02
4.260E-01	4.106E-02
4.270E-01	4.081E-02
4.280E-01	4.057E-02
4.290E-01	4.033E-02
4.300E-01	4.009E-02
4.310E-01	3.986E-02
4.320E-01	3.962E-02
4.330E-01	3.939E-02
4.340E-01	3.916E-02
4.350E-01	3.894E-02
4.360E-01	3.871E-02
4.370E-01	3.849E-02
4.380E-01	3.827E-02
4.390E-01	3.805E-02
4.400E-01	3.783E-02
4.410E-01	3.761E-02
4.420E-01	3.740E-02
4.430E-01	3.718E-02
4.440E-01	3.697E-02
4.450E-01	3.676E-02
4.460E-01	3.656E-02
4.470E-01	3.635E-02
4.480E-01	3.615E-02
4.490E-01	3.595E-02
4.500E-01	3.575E-02
4.510E-01	3.555E-02
4.520E-01	3.535E-02
4.530E-01	3.515E-02
4.540E-01	3.496E-02
4.550E-01	3.477E-02
4.560E-01	3.458E-02
4.570E-01	3.439E-02
4.580E-01	3.420E-02
4.590E-01	3.401E-02
4.600E-01	3.383E-02
4.610E-01	3.365E-02
4.620E-01	3.346E-02
4.630E-01	3.328E-02
4.640E-01	3.310E-02
4.650E-01	3.293E-02
4.660E-01	3.275E-02
4.670E-01	3.258E-02
4.680E-01	3.240E-02
4.690E-01	3.223E-02
4.700E-01	3.206E-02
4.710E-01	3.189E-02
4.720E-01	3.172E-02
4.730E-01	3.156E-02
4.740E-01	3.139E-02
4.750E-01	3.123E-02
4.760E-01	3.107E-02
4.770E-01	3.090E-02
4.780E-01	3.074E-02
4.790E-01	3.058E-02
4.800E-01	3.043E-02
4.810E-01	3.027E-02
4.820E-01	3.012E-02
4.830E-01	2.996E-02
4.840E-01	2.981E-02
4.850E-01	2.966E-02
4.860E-01	2.951E-02
4.870E-01	2.936E-02
4.880E-01	2.921E-02
4.890E-01	2.906E-02
4.900E-01	2.891E-02
4.910E-01	2.877E-02
4.920E-01	2.863E-02
4.930E-01	2.848E-02
4.940E-01	2.834E-02
4.950E-01	2.820E-02
4.960E-01	2.806E-02
4.970E-01	2.792E-02
4.980E-01	2.778E-02
4.990E-01	2.765E-02
5.000E-01	2.751E-02
5.010E-01	2.738E-02
5.020E-01	2.724E-02
5.030E-01	2.711E-02
5.040E-01	2.698E-02
5.050E-01	2.685E-02
5.060E-01	2.672E-02
5.070E-01	2.659E-02
5.080E-01	2.646E-02
5.090E-01	2.634E-02
5.100E-01	2.621E-02
5.110E-01	2.608E-02
5.120E-01	2.596E-02
5.130E-01	2.584E-02
5.140E-01	2.571E-02
5.150E-01	2.559E-02
5.160E-01	2.547E-02
5.170E-01	2.535E-02
5.180E-01	2.523E-02
5.190E-01	2.511E-02
5.200E-01	2.500E-02
5.210E-01	2.488E-02
5.220E-01	2.476E-02
5.230E-01	2.465E-02
5.240E-01	2.454E-02
5.250E-01	2.442E-02
5.260E-01	2.431E-02
5.270E-01	2.420E-02
5.280E-01	2.409E-02
5.290E-01	2.398E-02
5.300E-01	2.387E-02
5.310E-01	2.376E-02
5.320E-01	2.365E-02
5.330E-01	2.354E-02
5.340E-01	2.344E-02
5.350E-01	2.333E-02
5.360E-01	2.323E-02
5.370E-01	2.312E-02
5.380E-01	2.302E-02
5.390E-01	2.292E-02
5.400E-01	2.281E-02
5.410E-01	2.271E-02
5.420E-01	2.261E-02
5.430E-01	2.251E-02
5.440E-01	2.241E-02
5.450E-01	2.231E-02
5.460E-01	2.221E-02
5.470E-01	2.212E-02
5.480E-01	2.202E-02
5.490E-01	2.192E-02
5.500E-01	2.183E-02
5.510E-01	2.173E-02
5.520E-01	2.164E-02
5.530E-01	2.155E-02
5.540E-01	2.145E-02
5.550E-01	2.136E-02
5.560E-01	2.127E-02
5.570E-01	2.118E-02
5.580E-01	2.109E-02
5.590E-01	2.100E-02
5.600E-01	2.091E-02
5.610E-01	2.082E-02
5.620E-01	2.073E-02
5.630E-01	2.064E-02
5.640E-01	2.055E-02
5.650E-01	2.047E-02
5.660E-01	2.038E-02
5.670E-01	2.030E-02
5.680E-01	2.021E-02
5.690E-01	2.013E-02
5.700E-01	2.004E-02
5.710E-01	1.996E-02
5.720E-01	1.988E-02
5.730E-01	1.979E-02
5.740E-01	1.971E-02
5.750E-01	1.963E-02
5.760E-01	1.955E-02
5.770E-01	1.947E-02
5.780E-01	1.939E-02
5.790E-01	1.931E-02
5.800E-01	1.923E-02
5.810E-01	1.915E-02
5.820E-01	1.908E-02
5.830E-01	1.900E-02
5.840E-01	1.892E-02
5.850E-01	1.885E-02
5.860E-01	1.877E-02
5.870E-01	1.869E-02
5.880E-01	1.862E-02
5.890E-01	1.855E-02
5.900E-01	1.847E-02
5.910E-01	1.840E-02
5.920E-01	1.832E-02
5.930E-01	1.825E-02
5.940E-01	1.818E-02
5.950E-01	1.811E-02
5.960E-01	1.804E-02
5.970E-01	1.797E-02
5.980E-01	1.790E-02
5.990E-01	1.782E-02
