-7.912093 0.105425 12.847974 0.005579
24.612146 3.742542 84.670182 0.676831
-6.066483 0.107272 13.270405 0.005561
-6.529911 0.221238 16.151840 0.009381
-3.21 0.7666 86.94 0.118
1.009435 0.843898 30.396205 0.060634
1.325 0.9504 86.1 0.1434
0.281728 0.687406 44.398418 0.072569

2.008 0.7362 85.87 0.1138
-38.55 0.7672 32.69 0.03478
4.335 1.121 85.15 0.1639
1.865 0.8744 44 0.06825

p0+p1*xとすると、行の要素は p0 Δp0 p1 Δp1 とします。
0123にとったデータをpedestakをなおした正しいコードでエネルギー較正しなおしたもの。
5~8行目は↑の90°と180°だけ切片がおかしかったので1274 keVのピークを使わずにエネルギー較正してみたもの。（加島）
10~13行目はGSOのダブルチェック（1275keVを使った）（鵜飼）
