-8.136036 0.111218 12.859264 0.005930
24.612146 3.742542 84.670182 0.676831
-6.066483 0.107272 13.270405 0.005561
-6.529911 0.221238 16.151840 0.009381
2.008 0.7362 85.87 0.1138
2.21 0.6232 30.16 0.04548
4.335 1.121 85.15 0.1639
1.865 0.8744 44 0.06825
151.483248 17.697438
0 0 0 0
0 0 0 0
0 0 0 0
311.1 17.05 0 0
366.2 9.667 0 0
425.0 13.30 0 0
340.0 14.10 0 0
(1行目〜8行目)
p0+p1*xとすると、行の要素は p0 Δp0 p1 Δp1 とします。
0123にとったデータをpedestakをなおした正しいコードでエネルギー較正しなおしたもの。
s2だけ1275keVのかわりに122keVを用いた
(9行目〜16行目)
上から、iBoard[0][0], iBoard[0][1], iBoard[0][2], iBoard[0][3], iBoard[1][0], iBoard[1][1], iBoard[1][2], iBoard[1][3]とします。
ただし、p0とそのエラーしかないので、後ろに２つゼロを付け足して置く必要があるはず。